1.522800527426271913e+02 9.589346389195351605e+01 8.900149442886380768e+01
1.515143863658343548e+02 9.950640196454033060e+01 9.232297772204788089e+01
1.517938595129986368e+02 9.831829512975495788e+01 9.150234240580033429e+01
1.513335274358347249e+02 1.000177463963544398e+02 9.235063151914631874e+01
1.515240415755255299e+02 9.963199474033879710e+01 9.226328863301574756e+01
1.520120553672382471e+02 9.682578772414873924e+01 9.162866157486440954e+01
1.513162732377672910e+02 9.998492450850162072e+01 9.179289031745979344e+01
1.519552432507030630e+02 9.697004525287864851e+01 9.049761305253910848e+01
1.519801590614248710e+02 9.734396536113237630e+01 9.097888566254320608e+01
1.514585439671021163e+02 9.886682453163861339e+01 9.076450712943329791e+01
1.514358808045120099e+02 9.961011280862379635e+01 9.161752306532794421e+01
1.518303298670492723e+02 9.811223395832132610e+01 9.191341206181178336e+01
1.518588758231369980e+02 9.794781442442929631e+01 9.186481810929807068e+01
1.517203247732442151e+02 9.774057923794956082e+01 9.078668768459830574e+01
1.517422066572956396e+02 9.842160308404935165e+01 9.194060132158804777e+01
1.516539600544855375e+02 9.807550566629214472e+01 9.126958944954711228e+01
1.503108844749457091e+02 1.021796593987560868e+02 8.807614351043865497e+01
1.520050358475189967e+02 9.689194066113002179e+01 9.099140691349791155e+01
1.516194218480483755e+02 9.877924443611800598e+01 9.249817993545423178e+01
1.517917463590690375e+02 9.801577865991538374e+01 9.207996866153584392e+01
1.518039188618246556e+02 9.807882437983775503e+01 9.098984242786424659e+01
1.516790555835165151e+02 9.887452551964963732e+01 9.146165468022155665e+01
1.513811473677985475e+02 9.972543426017291779e+01 9.196719448113022111e+01
1.497124411216211115e+02 1.051378493580776023e+02 9.173565164159948893e+01
1.512042112599798998e+02 1.001460554926046598e+02 9.219079003381365567e+01
1.504589670159798516e+02 1.027030831503989106e+02 9.232065635001529813e+01
1.509159500844747583e+02 1.011046132444547396e+02 9.127497087268898213e+01
