// Full OpenCV model
// fx, fy, cx, cy, k1, k2, p1, p2, k3, [k4, k5, k6


%- 24 mm:

"camera_matrix": [[6900.766178626993, 0.0, 3055.9219427396583], [0.0, 6919.0517432373235, 1659.8768050681379], [0.0, 0.0, 1.0]], 
"distortion_coefficients": [-0.07241143420209739, 0.00311945599198001, -0.008597066196675609, 0.002601995972163532, 0.46863386164346776], 

6900.766178626993, 6919.0517432373235, 3055.9219427396583, 1659.8768050681379, -0.07241143420209739, 0.00311945599198001, -0.008597066196675609, 0.002601995972163532, 0.46863386164346776


%- 35mm
"camera_matrix": [[10145.828770984808, 0.0, 2928.763582703865], [0.0, 10181.29619861736, 1636.663975450278], [0.0, 0.0, 1.0]],
"distortion_coefficients": [-0.04643331697636249, 0.7615948374750167, -0.010397811196689507, -0.002202286738591026, -4.287589186049892], 

10145.828770984808, 10181.29619861736,  2928.763582703865, 1636.663975450278, -0.04643331697636249, 0.7615948374750167, -0.010397811196689507, -0.002202286738591026, -4.287589186049892
 


------------- FROM MATLAB ------------------
24mm: 
6620.56653699, 6619.88882, 3020.03855, 1886.013528, -0.097412525617, 0.0859725891, 0.0001197545, -0.00043855041, 0, 0, 0, 0

K:
[	6620.56653		0				3020.03855	]
|	0				6619.88882		1886.01352	|
[	0				0				1			]

K = [ 6620.56653699, 0., 3020.03855, 0., 6619.88882, 1886.01352, 0., 0., 1.]

35mm: 
9198.3004, 9203.2711911, 3069.696085, 1904.06109, -0.083813777, 0.0883602777, 0.0005445170, -0.0001.32027476996, 0, 0, 0, 0

K:
[	9198.3004		0				3069.69608	]
|	0				9203.2711		1904.06109	|
[	0				0				1			]

K = [ 9198.3004, 0., 3069.69608, 0., 9203.2711, 1904.06109, 0., 0., 1.]
